CNT
Cluster 1
[1, 4, 7, 8, 10, 11, 13, 16, 18, 20, 21, 22, 23, 24, 25, 28, 29, 31, 32, 33, 35, 37, 38, 41, 43, 44, 47, 48, 49]
Correct: 27/29
Cluster -1
[2, 3, 5, 6, 9, 12, 14, 15, 17, 19, 26, 27, 30, 34, 36, 39, 40, 42, 45, 46, 50]
Correct: 12/21
--------------
Correct: 39/50



BGM
Cluster 1
[1, 4, 6, 8, 11, 12, 13, 15, 16, 18, 21, 23, 24, 27, 30, 31, 37, 38, 43, 44, 46, 48]
Correct: 21/22
Cluster -1
[2, 3, 5, 7, 9, 10, 14, 17, 19, 20, 22, 25, 26, 28, 29, 32, 33, 34, 35, 36, 39, 40, 41, 42, 45, 47, 49, 50]
Correct: 13/28
--------------
Correct: 33/50